306
449
123
194
66
394
430
345
498
237
319
67
179
472
494
468
76
484
312
296
130
355
154
124
188
174
361
357
411
459
23
30
265
262
353
206
88
294
127
198
254
231
120
243
438
423
437
107
373
328
126
496
39
398
314
119
233
59
224
158
96
115
333
495
260
273
415
70
138
310
463
401
197
156
352
63
14
175
17
221
207
431
157
259
136
277
1
87
288
86
435
442
293
297
269
184
331
168
365
292
149
425
203
408
129
47
244
106
93
55
242
183
245
72
240
44
134
213
48
152
266
280
392
235
139
210
490
443
21
491
303
488
20
281
351
60
450
424
382
371
103
308
432
349
199
304
110
446
465
321
387
230
217
384
406
16
359
414
137
337
347
187
80
209
105
171
170
418
389
364
78
29
451
236
315
37
165
102
440
65
141
405
478
295
111
215
377
225
290
287
49
122
289
253
332
161
153
327
71
298
91
33
31
112
192
318
493
249
307
50
453
109
270
77
489
410
82
218
466
346
380
22
374
2
101
369
460
261
208
268
5
54
305
128
487
445
97
160
204
434
26
58
85
483
62
25
84
10
399
362
286
363
469
117
477
247
118
348
250
323
9
196
255
81
358
455
45
239
275
211
200
342
429
227
40
470
27
480
458
344
448
299
350
7
155
271
420
461
381
258
53
317
142
13
402
46
19
499
428
433
228
334
202
212
79
148
302
309
485
325
464
343
133
116
311
190
421
0
316
147
57
340
219
456
439
172
125
376
400
201
90
166
181
274
251
69
291
131
300
404
326
144
403
320
135
388
164
28
4
193
370
282
169
467
140
173
6
229
457
73
8
397
238
145
330
234
220
454
479
132
121
391
185
41
180
